# DIP Switch Sensor ID Key 0 is OFF 1 is ON

| DIP Switches (GP9-GP6) | Binary | Sensor ID |
|------------------------|--------|-----------|
| 0000                   | 0      | 0         |
| 0001                   | 1      | 1         |
| 0010                   | 2      | 2         |
| 0011                   | 3      | 3         |
| 0100                   | 4      | 4         |
| 0101                   | 5      | 5         |
| 0110                   | 6      | 6         |
| 0111                   | 7      | 7         |
| 1000                   | 8      | 8         |
| 1001                   | 9      | 9         |
| 1010                   | 10     | 10        |
| 1011                   | 11     | 11        |
| 1100                   | 12     | 12        |
| 1101                   | 13     | 13        |
| 1110                   | 14     | 14        |
| 1111                   | 15     | 15        |
